-0.0006681799
-0.0012458126
-0.0012967918
-0.0011806048
-0.0011913165
-0.0012116734
-0.0011099572
-0.0010594624
-0.0011479491
-0.0011833489
-0.0011143959
-0.0010876992
-0.0011339611
-0.0011858845
-0.0011871454
-0.0011257153
-0.0010928416
-0.0011386304
-0.0011834885
-0.0011939931
-0.0011754958
-0.0011099013
-0.0010697367
-0.0011093923
-0.0011376983
-0.0011023494
-0.0010526041
-0.0010414476
-0.0010956678
-0.0011392792
-0.0010873239
-0.0010297565
-0.0010417303
-0.0010610927
-0.0010855800
-0.0011164839
-0.0010787819
-0.0010160959
-0.0010215804
-0.0010581848
-0.0010756857
-0.0010653054
-0.0010337897
-0.0010369880
-0.0010662912
-0.0010519066
-0.0010216830
-0.0010057655
-0.0009877984
-0.0010122685
-0.0010500074
-0.0010092469
-0.0009639777
-0.0009897517
-0.0010114827
-0.0010132919
-0.0010260198
-0.0010185021
-0.0010029343
-0.0009999739
-0.0009944563
-0.0010124787
-0.0010360210
-0.0010233872
-0.0010266177
-0.0010351554
-0.0009867649
-0.0009622620
-0.0010032270
-0.0010240751
-0.0010299771
-0.0010412141
-0.0010138531
-0.0009880678
-0.0009942770
-0.0009908325
-0.0009987830
-0.0010169037
-0.0010055456
-0.0010128906
-0.0010379846
-0.0010237731
-0.0010208313
-0.0010387800
-0.0010175128
-0.0010051639
-0.0010204960
-0.0010088141
-0.0010071015
-0.0010181025
-0.0009896968
-0.0009784476
-0.0009993494
-0.0009961921
-0.0010144513
-0.0010543787
-0.0010443734
-0.0010344624
-0.0010601270
-0.0010751039
-0.0010971106
-0.0011140059
-0.0010956256
-0.0011057644
-0.0011235817
-0.0010887411
-0.0010843531
-0.0011150198
-0.0010953087
-0.0010865863
-0.0011181358
-0.0011151853
-0.0011054929
-0.0011139060
-0.0011083888
-0.0011188491
-0.0011222764
-0.0010873858
-0.0010939919
-0.0011203432
-0.0010952535
-0.0010987489
-0.0011354180
-0.0011264628
-0.0011309822
-0.0011610040
-0.0011506900
-0.0011503514
-0.0011682376
-0.0011557278
-0.0011661670
-0.0011888900
-0.0011722982
-0.0011820277
-0.0012044575
-0.0011815014
-0.0011856923
-0.0012033801
-0.0011670098
-0.0011559071
-0.0011725232
-0.0011462983
-0.0011403062
-0.0011570679
-0.0011377556
-0.0011393838
-0.0011484677
-0.0011161006
-0.0011210181
-0.0011432753
-0.0011141121
-0.0011156059
-0.0011435109
-0.0011261021
-0.0011286795
-0.0011443731
-0.0011192191
-0.0011309868
-0.0011652599
-0.0011560842
-0.0011714783
-0.0011866313
-0.0011414848
-0.0011331119
-0.0011580653
-0.0011455240
-0.0011641793
-0.0011915399
-0.0011579746
-0.0011460230
-0.0011500560
-0.0011138995
-0.0011196568
-0.0011490833
-0.0011339888
-0.0011429642
-0.0011443181
-0.0010858695
-0.0010775528
-0.0011004906
-0.0010714270
-0.0010748437
-0.0010994488
-0.0010718887
-0.0010701690
-0.0010861022
-0.0010662111
-0.0010851561
-0.0011058158
-0.0010720852
-0.0010824872
-0.0010989277
-0.0010475022
-0.0010408522
-0.0010695667
-0.0010510203
-0.0010637841
-0.0010917408
-0.0010710242
-0.0010792778
-0.0010854212
-0.0010391189
-0.0010453495
-0.0010696807
-0.0010398964
-0.0010551718
-0.0010835591
-0.0010485887
-0.0010485789
-0.0010640938
-0.0010312669
-0.0010455151
-0.0010752552
-0.0010514172
-0.0010685255
-0.0010914847
-0.0010550157
-0.0010638555
-0.0010852974
-0.0010485658
-0.0010550935
-0.0010741967
-0.0010402243
-0.0010560558
-0.0010854128
-0.0010570039
-0.0010700806
-0.0010872240
-0.0010461751
-0.0010572581
-0.0010787849
-0.0010381063
-0.0010485111
-0.0010765922
-0.0010454240
-0.0010572668
-0.0010809408
-0.0010525793
-0.0010735814
-0.0011000390
-0.0010674130
-0.0010829472
-0.0010981227
-0.0010510301
-0.0010674834
-0.0011027284
-0.0010735979
-0.0010899622
-0.0011148148
-0.0010775346
-0.0010890836
-0.0011113489
-0.0010786336
-0.0010994610
-0.0011232630
-0.0010811341
-0.0010898534
-0.0011045448
-0.0010592990
-0.0010732105
-0.0010980329
-0.0010618502
-0.0010803185
-0.0011037565
-0.0010635043
-0.0010814554
-0.0011078065
-0.0010675594
-0.0010798641
-0.0011008965
-0.0010628715
-0.0010829725
-0.0011087030
-0.0010695795
-0.0010854425
-0.0011068156
-0.0010685701
-0.0010920228
-0.0011196027
-0.0010787192
-0.0010929442
-0.0011105142
-0.0010649695
-0.0010833995
-0.0011107852
-0.0010738248
-0.0010952094
-0.0011195580
-0.0010762869
-0.0010912619
-0.0011121708
-0.0010713851
-0.0010920675
-0.0011149775
-0.0010717597
-0.0010897745
-0.0011109058
-0.0010673861
-0.0010876039
-0.0011116149
-0.0010703355
-0.0010934393
-0.0011203489
-0.0010803069
-0.0011013832
-0.0011223510
-0.0010750267
-0.0010917441
-0.0011131588
-0.0010698538
-0.0010902069
-0.0011110400
-0.0010658181
-0.0010870039
-0.0011104229
-0.0010672669
-0.0010890848
-0.0011105498
-0.0010645719
-0.0010864811
-0.0011110565
-0.0010680099
-0.0010888793
-0.0011066813
-0.0010554176
-0.0010742282
-0.0010995225
-0.0010623512
-0.0010935287
-0.0011209226
-0.0010748233
-0.0010929642
-0.0011118749
-0.0010685411
-0.0010986595
-0.0011275854
-0.0010828030
-0.0011004715
-0.0011139615
-0.0010611687
-0.0010833336
-0.0011087491
-0.0010660677
-0.0010897191
-0.0011085228
-0.0010585035
-0.0010813937
-0.0011063316
-0.0010645187
-0.0010912435
-0.0011121783
-0.0010623269
-0.0010835789
-0.0011046702
-0.0010601163
-0.0010880977
-0.0011123260
-0.0010664401
-0.0010915265
-0.0011140069
-0.0010685171
-0.0010942647
-0.0011144269
-0.0010638556
-0.0010848430
-0.0011037431
-0.0010567198
-0.0010833333
-0.0011041620
-0.0010532369
-0.0010727553
-0.0010886793
-0.0010409693
-0.0010720196
-0.0011009127
-0.0010593892
-0.0010860697
-0.0011022130
-0.0010482660
-0.0010710116
-0.0010930421
-0.0010497492
-0.0010794335
-0.0010986404
-0.0010450541
-0.0010648461
-0.0010812677
-0.0010336941
-0.0010628491
-0.0010836539
-0.0010326068
-0.0010546743
-0.0010718842
-0.0010259791
-0.0010594763
-0.0010851410
-0.0010373254
-0.0010591757
-0.0010714192
-0.0010194459
-0.0010508003
-0.0010800281
-0.0010411150
-0.0010728547
-0.0010898749
-0.0010354572
-0.0010591447
-0.0010787316
-0.0010331507
-0.0010634240
-0.0010823215
-0.0010317294
-0.0010594275
-0.0010813785
-0.0010364783
-0.0010652930
-0.0010789983
-0.0010202731
-0.0010395009
-0.0010559044
-0.0010118851
-0.0010480809
-0.0010718254
-0.0010215908
-0.0010442957
-0.0010589005
-0.0010119755
-0.0010478306
-0.0010744506
-0.0010289171
-0.0010540094
-0.0010659255
-0.0010129887
-0.0010425865
-0.0010658151
-0.0010213581
-0.0010496108
-0.0010630643
-0.0010094244
-0.0010364585
-0.0010576157
-0.0010146393
-0.0010468701
-0.0010641241
-0.0010124594
-0.0010382908
-0.0010562225
-0.0010118291
-0.0010452329
-0.0010648235
-0.0010151778
-0.0010395092
-0.0010514787
-0.0010001484
-0.0010285615
-0.0010476034
-0.0010037451
-0.0010374400
-0.0010584013
-0.0010138195
-0.0010442119
-0.0010601601
-0.0010108906
-0.0010381534
-0.0010527901
-0.0010041813
-0.0010325509
-0.0010477756
-0.0010003364
-0.0010308397
-0.0010492301
-0.0010052449
-0.0010373777
-0.0010539537
-0.0010060478
-0.0010340365
-0.0010482968
-0.0010012712
-0.0010319392
-0.0010485674
-0.0010027555
-0.0010329225
-0.0010477903
-0.0010002470
-0.0010287063
-0.0010419505
-0.0009938605
-0.0010232922
-0.0010391012
-0.0009947678
-0.0010270544
-0.0010432800
-0.0009970738
-0.0010262026
-0.0010396242
-0.0009926704
-0.0010225133
-0.0010371536
-0.0009913528
-0.0010216332
-0.0010364982
-0.0009912751
-0.0010221202
-0.0010371289
-0.0009920809
-0.0010228495
-0.0010381765
-0.0009940416
-0.0010250001
-0.0010391092
-0.0009925450
-0.0010202157
-0.0010318576
-0.0009849296
-0.0010135592
-0.0010268578
-0.0009815808
-0.0010106670
-0.0010237575
-0.0009787050
-0.0010083275
-0.0010231944
-0.0009818778
-0.0010160939
-0.0010353514
-0.0009965758
-0.0010284372
-0.0010407954
-0.0009934927
-0.0010183851
-0.0010289270
-0.0009856832
-0.0010164999
-0.0010309081
-0.0009880827
-0.0010159278
-0.0010279856
-0.0009867122
-0.0010187861
-0.0010350418
-0.0009953695
-0.0010243723
-0.0010350478
-0.0009910888
-0.0010178128
-0.0010280819
-0.0009850007
-0.0010123602
-0.0010241559
-0.0009853614
-0.0010180478
-0.0010337410
-0.0009951261
-0.0010224410
-0.0010299338
-0.0009855637
-0.0010116432
-0.0010224517
-0.0009835105
-0.0010130506
-0.0010244342
-0.0009854344
-0.0010151950
-0.0010275083
-0.0009895047
-0.0010178380
-0.0010270791
-0.0009872285
-0.0010164363
-0.0010291666
-0.0009934626
-0.0010234639
-0.0010330023
-0.0009930220
-0.0010203468
-0.0010308559
-0.0009945956
-0.0010241466
-0.0010333740
-0.0009937799
-0.0010203426
-0.0010300018
-0.0009945895
-0.0010254588
-0.0010367273
-0.0009997988
-0.0010270767
-0.0010359698
-0.0009995103
-0.0010283715
-0.0010383702
-0.0010022619
-0.0010308162
-0.0010419401
-0.0010086817
-0.0010388235
-0.0010484525
-0.0010102651
-0.0010337186
-0.0010392553
-0.0010025154
-0.0010310489
-0.0010427593
-0.0010101777
-0.0010386662
-0.0010481520
-0.0010134579
-0.0010397952
-0.0010473857
-0.0010106219
-0.0010340504
-0.0010405346
-0.0010061786
-0.0010337681
-0.0010445280
-0.0010123238
-0.0010379232
-0.0010453644
-0.0010118694
-0.0010385086
-0.0010490268
-0.0010182154
-0.0010430969
-0.0010484812
-0.0010121620
-0.0010330504
-0.0010386728
-0.0010068531
-0.0010329424
-0.0010429954
-0.0010144787
-0.0010410314
-0.0010502682
-0.0010208068
-0.0010454131
-0.0010530581
-0.0010235313
-0.0010480166
-0.0010555792
-0.0010259530
-0.0010484578
-0.0010533863
-0.0010224191
-0.0010444084
-0.0010503245
-0.0010217928
-0.0010451311
-0.0010515066
-0.0010235561
-0.0010467103
-0.0010528984
-0.0010254078
-0.0010480038
-0.0010534090
-0.0010259660
-0.0010485676
-0.0010541399
-0.0010271294
-0.0010486715
-0.0010525344
-0.0010249563
-0.0010467046
-0.0010523230
-0.0010275133
-0.0010506790
-0.0010559951
-0.0010300961
-0.0010511880
-0.0010548458
-0.0010284290
-0.0010488409
-0.0010522224
-0.0010266316
-0.0010480729
-0.0010529567
-0.0010288209
-0.0010496622
-0.0010525470
-0.0010264397
-0.0010459449
-0.0010497357
-0.0010265515
-0.0010483786
-0.0010533468
-0.0010300456
-0.0010503044
-0.0010540271
-0.0010305500
-0.0010501134
-0.0010529067
-0.0010282209
-0.0010457893
-0.0010478718
-0.0010244256
-0.0010441226
-0.0010493479
-0.0010293558
-0.0010505400
-0.0010557603
-0.0010340797
-0.0010511213
-0.0010522775
-0.0010286203
-0.0010458357
-0.0010501598
-0.0010306526
-0.0010490374
-0.0010517262
-0.0010293357
-0.0010451709
-0.0010490887
-0.0010314638
-0.0010509852
-0.0010554271
-0.0010345993
-0.0010483402
-0.0010496693
-0.0010310246
-0.0010489743
-0.0010537840
-0.0010348745
-0.0010476065
-0.0010472541
-0.0010278600
-0.0010443248
-0.0010499354
-0.0010346500
-0.0010490046
-0.0010493235
-0.0010305531
-0.0010453502
-0.0010507705
-0.0010382349
-0.0010541993
-0.0010553194
-0.0010364519
-0.0010471556
-0.0010478824
-0.0010331615
-0.0010475323
-0.0010493252
-0.0010335526
-0.0010456364
-0.0010472345
-0.0010340264
-0.0010477172
-0.0010482903
-0.0010319329
-0.0010415294
-0.0010412383
-0.0010288169
-0.0010438716
-0.0010473679
-0.0010350107
-0.0010457634
-0.0010446017
-0.0010311081
-0.0010437955
-0.0010464477
-0.0010357238
-0.0010475309
-0.0010472357
-0.0010345139
-0.0010460989
-0.0010477891
-0.0010373770
-0.0010484708
-0.0010474585
-0.0010341835
-0.0010436024
-0.0010439159
-0.0010340695
-0.0010456841
-0.0010460386
-0.0010342648
-0.0010428902
-0.0010421328
-0.0010320049
-0.0010431216
-0.0010448318
-0.0010356442
-0.0010452154
-0.0010448387
-0.0010345053
-0.0010435043
-0.0010438897
-0.0010346284
-0.0010432586
-0.0010429744
-0.0010330708
-0.0010408417
-0.0010406490
-0.0010315871
-0.0010393502
-0.0010394511
-0.0010310317
-0.0010388966
-0.0010396914
-0.0010320069
-0.0010391463
-0.0010390991
-0.0010309117
-0.0010374094
-0.0010382163
-0.0010317878
-0.0010387497
-0.0010393232
-0.0010321148
-0.0010373886
-0.0010377199
-0.0010319314
-0.0010382779
-0.0010393291
-0.0010332230
-0.0010370396
-0.0010360603
-0.0010297240
-0.0010342187
-0.0010352596
-0.0010309484
-0.0010352278
-0.0010350633
-0.0010299258
-0.0010333611
-0.0010340345
-0.0010308279
-0.0010350177
-0.0010357088
-0.0010320898
-0.0010348144
-0.0010346978
-0.0010313889
-0.0010340610
-0.0010341168
-0.0010312711
-0.0010337303
-0.0010340237
-0.0010320692
-0.0010346675
-0.0010349685
-0.0010329947
-0.0010347582
-0.0010345650
-0.0010328930
-0.0010346228
-0.0010346009
-0.0010330238
-0.0010340521
-0.0010335064
-0.0010321306
-0.0010333840
-0.0010335426
-0.0010330717
-0.0010342406
-0.0010341429
-0.0010333573
-0.0010340150
-0.0010339253
-0.0010336627
-0.0010344842
-0.0010345863
-0.0010343499
-0.0010345706
-0.0010343587
-0.0010341838
-0.0010343634
-0.0010345242
-0.0010348383
-0.0010349976
-0.0010352110
-0.0010354599
-0.0010351816
-0.0010353065
-0.0010356321
-0.0010351843
-0.0010355534
-0.0010361074
-0.0010355457
-0.0010359141
-0.0010364574
-0.0010355921
-0.0010361631
-0.0010370279
-0.0010361403
-0.0010369061
-0.0010376328
-0.0010362671
-0.0010368610
-0.0010376519
-0.0010361949
-0.0010371681
-0.0010382783
-0.0010367809
-0.0010379669
-0.0010391366
-0.0010373555
-0.0010385246
-0.0010395085
-0.0010372163
-0.0010383272
-0.0010393652
-0.0010370400
-0.0010385137
-0.0010398573
-0.0010375071
-0.0010392079
-0.0010406278
-0.0010380960
-0.0010398106
-0.0010411050
-0.0010379892
-0.0010394281
-0.0010404675
-0.0010371687
-0.0010390030
-0.0010405127
-0.0010375259
-0.0010397260
-0.0010414128
-0.0010381372
-0.0010402631
-0.0010416413
-0.0010378677
-0.0010398007
-0.0010410270
-0.0010371060
-0.0010393027
-0.0010408416
-0.0010371538
-0.0010397783
-0.0010414815
-0.0010376666
-0.0010402378
-0.0010416235
-0.0010372675
-0.0010396381
-0.0010408513
-0.0010364153
-0.0010391361
-0.0010406941
-0.0010364379
-0.0010395679
-0.0010411052
-0.0010365717
-0.0010395807
-0.0010408501
-0.0010359902
-0.0010390521
-0.0010403444
-0.0010353803
-0.0010388191
-0.0010402406
-0.0010353059
-0.0010389311
-0.0010402295
-0.0010349343
-0.0010385638
-0.0010397654
-0.0010343309
-0.0010383078
-0.0010397250
-0.0010342863
-0.0010384932
-0.0010398367
-0.0010340302
-0.0010381617
-0.0010391989
-0.0010330267
-0.0010373467
-0.0010385958
-0.0010325948
-0.0010375609
-0.0010391604
-0.0010331917
-0.0010381930
-0.0010394147
-0.0010326935
-0.0010373454
-0.0010382036
-0.0010311945
-0.0010362912
-0.0010376079
-0.0010311350
-0.0010370231
-0.0010388249
-0.0010322393
-0.0010379744
-0.0010391288
-0.0010316155
-0.0010368545
-0.0010376023
-0.0010299409
-0.0010357826
-0.0010372468
-0.0010302410
-0.0010369708
-0.0010388417
-0.0010316755
-0.0010380863
-0.0010391945
